[cf2x_L250]
mass = 0.033
gravity_vec = [0.0, 0.0, -9.81]
J = [[1.68e-5, 0.0, 0.0], [0.0, 1.68e-5, 0.0], [0.0, 0.0, 2.98e-5]]
KF = 8.701227710666256e-10
KM = 7.94e-12
thrust_time_coef = 0.1891
acc_coef = 0.0
cmd_f_coef = 1.0627
rpy_coef = [-257.2, -257.2, 225.3]
rpy_rates_coef = [-20.2, -20.2, -28.61]
cmd_rpy_coef = [207.1, 207.1, 392.7]
drag_linear_coef = -0.0177
drag_square_coef = 0.0010

# TODO: Check if parameters are correct
[cf2x_P250]
mass = 0.03454
gravity_vec = [0.0, 0.0, -9.81]
J = [[1.4e-5, 0.0, 0.0], [0.0, 1.4e-5, 0.0], [0.0, 0.0, 2.17e-5]]
KF = 5.792654323957372e-10
KM = 7.94e-12
thrust_time_coef = 0.1891
acc_coef = 0.0
cmd_f_coef = 1.0627
rpy_coef = [-257.2, -257.2, -225.3]
rpy_rates_coef = [-20.2, -20.2, -28.61]
cmd_rpy_coef = [207.1, 207.1, 392.7]
drag_linear_coef = -0.0177
drag_square_coef = 0.0010

# TODO: Check if parameters are correct
[cf2x_T350]
mass = 0.03253
gravity_vec = [0.0, 0.0, -9.81]
J = [[1.4e-5, 0.0, 0.0], [0.0, 1.4e-5, 0.0], [0.0, 0.0, 2.17e-5]]
KF = 1.068340683985525e-09
KM = 7.94e-12
thrust_time_coef = 0.1891
acc_coef = 0.0
cmd_f_coef = 1.0627
rpy_coef = [-257.2, -257.2, -225.3]
rpy_rates_coef = [-20.2, -20.2, -28.61]
cmd_rpy_coef = [207.1, 207.1, 392.7]
drag_linear_coef = -0.0177
drag_square_coef = 0.0010


[cf2x_B500]
mass = 0.0433777
gravity_vec = [0.0, 0.0, -9.81]
J = [[1.4e-5, 0.0, 0.0], [0.0, 1.4e-5, 0.0], [0.0, 0.0, 2.17e-5]]
KF = 1.068340683985525e-09
KM = 7.94e-12
thrust_time_coef = 0.08238289
acc_coef = 0.0
cmd_f_coef = 0.99509171
rpy_coef = [-160.5, -160.5, -109.3]
rpy_rates_coef = [-10.74, -10.74, -13.69]
cmd_rpy_coef = [115.2, 115.2, 154.6]
drag_linear_coef = -0.02063486
drag_square_coef = -0.02272605
